890146
1215275
288774
237570
155932
94521
66656
59275
17517
16182
45701
74517
58997
159072
49091
194922
440057
1155062
1914635
1854485
508592
323066
284830
164231
127504
108947
50114
58171
109909
180036
315874
384088
1047992
292771
1138986
1237077
1205237
777227
494527
744783
173539
169993
93768
85717
38914
28389
85243
96124
125050
267107
85507
205973
566914
1032108
2025943
1768955
601281
685967
248862
158433
137484
102652
55998
64161
148132
188553
381877
378719
944371
391346
1113994
1357523
934415
1117711
362873
358945
176954
150224
89382
91407
39874
28509
85340
97889
134523
185411
162213
174433
921961
1229786
SOP of INN on test :38692796